RACES: 4
RACE 1
OCS
DSQ
FINISHES
20060
12160
20808
20568
20561
51
20576
20567
11465
20563
20566
9705
44
465
108
9706
40
50
18340
20068
18335G
20568J
39
20562
51
18335B
20561J
42
-
RACE 2
OCS
DSQ
FINISHES
20568
20060
20563
20576
20567
12160
20068
18335G
11465
20808
20561
20566
108
465
9706
9705
20568J
51
39
44
50
40
42
20562
18335B
-
RACE 3
OCS
DSQ
FINISHES
20808
20568
12160
20561
18335G
20576
20060
20567
11465
20566
20068
20563
465
9706
108
44
50
18335B
39
20568J
51
9705
42
18340
20562
40
-
OCS
DSQ
FINISHES
12160
20561
20568
20068
20576
20808
20060
20567
11465
18335G
20566
108
20563
20568J
-
